              precision    recall  f1-score   support

        male     0.9505    0.9781    0.9641      1276
      female     0.9831    0.9603    0.9716      1637
          0s     0.9000    0.4390    0.5902        41
         10s     0.8885    0.8893    0.8889      1102
         20s     0.8171    0.5477    0.6558       367
         30s     0.9722    0.2800    0.4348       125
         40s     0.7143    0.6887    0.7013       559
         50s     0.7883    0.3333    0.4685       324
         60+     0.9067    0.8608    0.8831       395

   micro avg     0.9104    0.8388    0.8731      5826
   macro avg     0.8801    0.6641    0.7287      5826
weighted avg     0.9050    0.8388    0.8603      5826
 samples avg     0.9157    0.8388    0.8630      5826
