              precision    recall  f1-score   support

        male     0.9505    0.9788    0.9645      1276
      female     0.9831    0.9603    0.9716      1637
          0s     0.9167    0.2683    0.4151        41
         10s     0.8519    0.9347    0.8914      1102
         20s     0.7216    0.6567    0.6876       367
         30s     0.8197    0.4000    0.5376       125
         40s     0.6647    0.7943    0.7237       559
         50s     0.7169    0.4846    0.5783       324
         60+     0.8537    0.8861    0.8696       395

   micro avg     0.8761    0.8761    0.8761      5826
   macro avg     0.8310    0.7071    0.7377      5826
weighted avg     0.8766    0.8761    0.8712      5826
 samples avg     0.8761    0.8761    0.8761      5826
