              precision    recall  f1-score   support

        male     0.9687    0.9911    0.9797      1341
      female     0.9901    0.9654    0.9776      1241
          0s     0.9651    0.9945    0.9796       362
         10s     0.8922    0.9350    0.9131       354
         20s     0.8801    0.8005    0.8384       376
         30s     0.7953    0.9210    0.8535       367
         40s     0.7216    0.6829    0.7017       391
         50s     0.7358    0.7096    0.7225       365
         60+     0.9140    0.8692    0.8911       367

   micro avg     0.9105    0.9105    0.9105      5164
   macro avg     0.8737    0.8743    0.8730      5164
weighted avg     0.9105    0.9105    0.9098      5164
 samples avg     0.9105    0.9105    0.9105      5164
