              precision    recall  f1-score   support

        male     0.9969    0.9984    0.9977      1276
      female     0.9988    0.9976    0.9982      1637
          0s     0.9737    0.9024    0.9367        41
         10s     0.9927    0.9927    0.9927      1102
         20s     0.9701    0.9728    0.9714       367
         30s     0.9912    0.8960    0.9412       125
         40s     0.9397    0.9750    0.9570       559
         50s     0.9061    0.9228    0.9144       324
         60+     0.9895    0.9570    0.9730       395

   micro avg     0.9834    0.9834    0.9834      5826
   macro avg     0.9732    0.9572    0.9647      5826
weighted avg     0.9836    0.9834    0.9834      5826
 samples avg     0.9834    0.9834    0.9834      5826
