              precision    recall  f1-score   support

        male     0.9992    0.9882    0.9937      1276
      female     0.9909    0.9994    0.9951      1637
          0s     0.9750    0.9512    0.9630        41
         10s     0.9856    0.9955    0.9905      1102
         20s     0.9860    0.9564    0.9710       367
         30s     0.9154    0.9520    0.9333       125
         40s     0.9750    0.9750    0.9750       559
         50s     0.9367    0.9599    0.9482       324
         60+     0.9948    0.9646    0.9794       395

   micro avg     0.9852    0.9852    0.9852      5826
   macro avg     0.9732    0.9713    0.9721      5826
weighted avg     0.9854    0.9852    0.9853      5826
 samples avg     0.9852    0.9852    0.9852      5826
