              precision    recall  f1-score   support

        male     0.9969    1.0000    0.9984      1276
      female     1.0000    0.9976    0.9988      1637
          0s     0.9762    1.0000    0.9880        41
         10s     0.9991    0.9936    0.9964      1102
         20s     0.9812    0.9946    0.9878       367
         30s     0.9600    0.9600    0.9600       125
         40s     0.9651    0.9893    0.9770       559
         50s     0.9712    0.9383    0.9545       324
         60+     0.9923    0.9848    0.9886       395

   micro avg     0.9914    0.9914    0.9914      5826
   macro avg     0.9824    0.9842    0.9833      5826
weighted avg     0.9915    0.9914    0.9914      5826
 samples avg     0.9914    0.9914    0.9914      5826
